start_time	end_time	transcript
0.44	23.16	て You
23.16	30.16	JR東日本E233系電車
53.16	63.56	1989の決勝戦は同盟大結 共にパーク24属の
63.56	67.56	マシアマコース決選手と 始ま校選手の一番となりました
67.56	72.84	マシアマコース決選手 マシアマ選手は1回選手の長い
72.84	80.24	大選手の人決勝で 応用で留場選手と共に シードを参加しに取けての決勝を進している
80.24	83.44	2弁波を
84.14	88.44	始ま選手は1回選手の 裏を参加する選手のうちがり技あり
88.44	96.24	人決勝は長そうは決勝を 正義ながいっぱいにしためて決勝に勝ち上がっていました
96.24	100.24	初馬選手は各部選手を決定して 決勝まで合わせたというか
100.24	109.24	決勝戦は同盟大結勝戦は 始まりました
109.24	121.24	マシアマ選手は1回目のせいながい 初馬選手の人がエリーを持ってきたところそのまま取れました
121.24	143.24	決勝戦は同盟大結勝戦は 初馬選手の人がエリーを持ってきたり 初馬選手が見えます
181.24	186.24	この技を決定を作るために サルウが多いかもあります
186.24	192.24	決勝は同盟大結勝戦は 決勝をし合っています
192.24	194.24	あって
194.24	198.24	共にこのかな力だなかなか想像が出ている
198.24	200.24	スドー
200.24	201.24	スドー
201.24	203.24	決勝戦は シードをする
204.24	209.24	しっかりクリアってしまう方が変えて 交互が止まるというか
209.24	210.24	止まるというか
210.24	213.24	確かに勝ちを見てが流動的な方が 発行地を押しやすい
213.24	215.24	勝利は座が得意な量者
216.24	219.24	晴らなくては豪華しない
232.24	235.30	御座を観るように
235.30	236.74	やっぱり月曜日を about
236.76	238.06	ve
242.70	245.86	ont
248.60	250.16	t
252.36	255.12	バージョン
260.50	262.46	car
265.30	272.30	先週は上からついての日常を探す 先週の方がいます
272.30	282.30	次点の有利率が細かく変わる中で 先週で足ばれいかれるとしまった先週はまっすぐ行きます
355.30	359.30	シェマさん、左がタイオトシの形を見せる 立ち上がって
359.30	364.30	日常をこじ上げながらやりこそと わりも立ちませんしができました
364.30	367.30	だからLZに開いての方法
369.30	373.30	ここで本線4分間が終了はあっという までした
373.30	377.30	主導1日を成った形で試合はゴールデンスコアのエンツの セントになります
378.30	380.30	スワイになりました
380.30	385.30	P100メルドス月のもの正言が高く言ってます
385.30	388.80	彼方で同時にとっています
388.80	391.80	ご視聴ありがとうございました
399.30	401.30	師肺サマ前
401.30	405.30	今までに進みました
405.30	407.30	スドー
407.30	408.30	スドー
408.30	409.30	スドー
409.30	410.30	スキドウに
410.30	411.30	ショットテキシェイスで
411.30	412.30	ボールデンカーを
412.30	413.30	2、3秒に
421.30	423.30	あ、手を見ながら
426.30	427.30	スドー
431.30	433.30	スドー
443.30	444.30	マシアマサイン
444.30	445.30	レアリア島の
445.30	446.30	放置を
446.30	448.30	1から見えないようになります
448.30	450.30	ちょっとボイのテンポを
450.30	451.30	これで致しました
453.30	454.30	ショットを見て
454.30	455.30	ちょっと笑顔を集めて
455.30	456.30	ちょっと笑顔を集めて
456.30	458.30	ちょっと笑顔を集め
458.30	460.30	スドー
460.30	461.30	マシアマサイン
461.30	462.30	回転して
462.30	464.30	やりこそどかけから
464.30	465.30	マシアマサイン
465.30	467.30	マシアマサイン
470.30	471.30	冷え
480.30	481.30	手がトークだから
481.30	482.30	スターンフィックを
482.30	483.30	打ちよう
483.30	484.30	打ちよう
485.30	486.30	そこでもう近づいて
486.30	487.30	から
491.30	493.30	もうマシアマサイン
493.30	495.30	もう一度
495.30	496.30	もう一度
496.30	497.30	この辺です
498.30	499.30	この辺り
499.30	500.30	ちょっとこの初ま千針が
500.30	501.30	1またから
501.30	502.30	こっちが
509.30	510.30	待って
510.30	511.30	スリコミは
511.30	512.30	中立ちの
512.30	513.30	2度見せました
513.30	514.30	マシアマサイン
514.30	515.30	初ま千針は
515.30	516.30	不顔を出して
516.30	517.30	飲みにきません
535.30	536.30	初ま千針の
536.30	537.30	夢から出血が
537.30	538.30	り
538.30	539.30	一支が
539.30	540.30	1時止まっています
543.30	544.30	2
544.30	545.30	2
545.30	546.30	3
546.30	547.30	2
547.30	548.30	3
548.30	549.30	2
549.30	550.30	3
550.30	551.30	2
551.30	552.30	3
552.30	553.30	4
553.30	554.30	3
554.30	555.30	4
555.30	556.30	3
556.30	557.30	4
557.30	558.30	1
558.30	559.30	ちょっと近いわ
559.30	561.30	高ます
561.30	562.30	なるほど
562.30	564.30	それはいらないんじゃないか
564.30	566.30	どちらか分かるのは
566.30	567.30	エリが
567.30	568.30	すれっ
568.30	570.30	1
570.30	571.30	2
571.30	572.30	3
572.30	573.30	2
573.30	574.30	3
574.30	575.30	2
575.30	576.30	3
576.30	577.30	2
577.30	578.30	3
578.30	579.30	4
579.30	580.30	3
580.30	581.30	4
581.30	582.30	4
582.30	583.30	4
583.30	584.30	4
584.30	585.30	4
585.30	586.30	4
586.30	587.30	4
587.30	588.30	4
588.30	589.30	4
589.30	590.30	4
590.30	591.30	4
591.30	593.30	4
593.30	594.30	4
594.30	595.30	4
595.30	596.30	4
596.30	597.30	4
597.30	598.30	4
598.30	599.30	5
599.30	600.30	1
600.30	601.30	1
601.30	602.30	2
602.30	603.30	1
603.30	605.30	1
605.30	606.30	1
606.30	607.30	1
607.30	609.30	1
609.30	610.30	2
610.30	611.30	1
611.30	612.30	2
612.30	613.30	1
613.30	614.30	1
614.30	615.30	1
615.30	617.30	1
617.30	618.30	2
618.30	619.30	1
619.30	620.30	2
620.30	621.30	1
621.30	622.30	1
622.30	623.30	2
623.30	625.30	3
625.30	626.30	1
626.30	627.30	2
627.30	628.26	2
628.26	645.34	ライン首権は高高峨最足彼行北返航門を 注意したいですか
645.34	652.16	どうして、数字の組み合わせのかなふたで歌外し もっといい grats
652.16	657.20	ハンパンで 掛ける回数を照らしている
657.20	662.16	ハンパンとね、こうに触れている感じはなくなっていく感じですね
666.88	669.84	みんなせいを投げに 帰るしました
669.84	673.04	高低差にかさました
673.04	676.88	手面を高くに手面を 指引くといいりました
676.90	678.32	するだけで
678.32	679.68	その具入り薄い転oya
679.68	680.64	後補ですね
680.88	681.78	なるほど
683.92	684.78	全 experien
687.62	689.14	大勇猫みあし
690.46	691.64	待って
698.58	701.44	高い20度合計を7速に指示できる
706.88	709.16	 1日請目の順番だった
709.42	710.70	ハスト曲 crunchy
710.98	712.72	寛少
713.82	717.02	ハスト曲
717.24	720.44	2年間お仕組み合わせて
720.44	720.60	選挟供 faz
720.66	720.90	レッツ
720.90	722.36	3年間比較
722.36	722.92	3年頑張って
724.02	726.26	ブーブー
726.70	727.84	ムーブィー
727.84	728.44	ホープ
728.44	730.80	スポーノ
730.80	732.48	うおおお
732.48	735.04	せよ
735.04	738.54	1人のうち半分以上は制御などを使うでしょう
738.54	739.34	そうなんですよ
739.34	740.34	増えてるんですよ
740.34	741.34	はい
742.04	744.04	最終入りの時はもっとオーストドックスに
744.04	745.54	奥入りを持って
745.54	747.04	きつぶし込んで打ちまったあなたが
747.04	749.04	おもしろいったら多いですけど
749.04	750.04	もちろんですね
750.04	751.04	世界でもだんだん
751.04	753.04	本格化でも勝利技が使えるのが
753.04	755.04	強順素晴らしいことになった中で
755.04	757.54	90キロキロは本格化に対する
757.54	758.74	カウンターグループだったこの
758.74	761.04	勝利技が成力を回しているというような
761.04	762.04	そんな形ですね
762.04	763.04	やっぱりない
765.04	767.04	表操しが始まります
943.04	947.04	激先の90キロキロ
947.04	950.04	連打たせマシアナコースケセンシーです
950.04	951.04	おめでとうございます
951.04	952.04	ありがとうございます
952.04	956.04	見事連打たせいです
956.04	958.04	今の気持ちから教えてください
958.04	960.04	えっとあんまり
960.04	963.04	今日は自分らしいジュードでいなかったんですけど
963.04	965.04	そんながしっかり価値につけたっていうのは
965.04	967.04	すごい自身につながらました
967.04	969.04	決勝内手が去年と同じカードを
969.04	970.04	立ちませんでした
970.04	972.04	決勝のためにどういうふうに振りかれますか
972.04	974.04	えっと普段の練習から
974.04	977.04	一緒にランドリとか打ち込みでもか
977.04	978.04	一緒にやって
978.04	981.04	手の打ちとか全ておがったんですけど
981.04	983.04	今回勝ちに出するということで
983.04	987.04	アイデン投票に乗らないようにしっかり戦いました
987.04	989.04	今日は同世代の小学元気選手も
989.04	991.04	60キロキューで挑戦しました
991.04	993.04	若い世代でという思いもあるんではないでしょうか
993.04	994.04	そうですね
994.04	996.04	同期制すごい強いので
996.04	999.04	やっぱりここで勝っても満足いかなり
999.04	1002.04	ので同期制に負けないように
1002.04	1004.04	まだまだ勝ち続けたいと思います
1004.04	1005.04	この試合は続き系事
1005.04	1008.04	男子日本代表監督もおらなっていました
1008.04	1010.04	正解選手経締を向けてその先へ向けて
1010.04	1011.04	最後に聞かせてください
1011.04	1012.04	えっと
1012.04	1016.04	しっかりこの90キロキューでメンバーソロと中で
1016.04	1018.04	優勝できたってことは
1018.04	1020.04	自分の中ですごい
1020.04	1022.04	肩に行けないともあったんで
1022.04	1024.04	すごい自信になりましたし
1024.04	1026.04	これでやってるこの回球で
1026.04	1028.04	一番強いっていうのを調べてきたんで
1028.04	1031.04	あとは海外で勝つだけだなと思っています
1031.04	1033.04	見事なレンパー
1033.04	1034.04	ましやま高枯競選手でした
